image_width: 640
image_height: 480
camera_name: c930e

camera_matrix:
  rows: 3
  cols: 3
  data: [507.7087962125765, 0.0, 318.97163900245215,
         0.0, 507.0112177668192, 237.61455372813924,
         0.0, 0.0, 1.0]

distortion_model: plumb_bob
distortion_coefficients:
  rows: 1
  cols: 5
  data: [0.1490280618580451, -0.6754285742984973,
         -0.002176893292655349, -0.0012304081605016184,
         1.3816496033293242]

rectification_matrix:
  rows: 3
  cols: 3
  data: [1.0, 0.0, 0.0,
         0.0, 1.0, 0.0,
         0.0, 0.0, 1.0]

projection_matrix:
  rows: 3
  cols: 4
  data: [507.7087962125765, 0.0, 318.97163900245215, 0.0,
         0.0, 507.0112177668192, 237.61455372813924, 0.0,
         0.0, 0.0, 1.0, 0.0]
