image_width: 640
image_height: 480
camera_name: default_cam
camera_matrix:
  rows: 3
  cols: 3
  data: [491.6, 0.0, 381.4,
         0.0, 488.0, 221.9,
         0.0, 0.0, 1.0]
distortion_model: plumb_bob
distortion_coefficients:
  rows: 1
  cols: 5
  data: [0.0, 0.0, 0.0, 0.0, 0.0]
rectification_matrix:
  rows: 3
  cols: 3
  data: [1.0, 0.0, 0.0,
         0.0, 1.0, 0.0,
         0.0, 0.0, 1.0]
projection_matrix:
  rows: 3
  cols: 4
  data: [491.6, 0.0, 381.4, 0.0,
         0.0, 488.0, 221.9, 0.0,
         0.0, 0.0, 1.0, 0.0]
